365.392
561.000
546.763
312.237
697.000
668.000
347.000
688.179
747.821
724.000
831.209
879.791
982.000
864.000
855.000
857.000
856.000
856.000
855.000
857.000
856.000
844.000
868.000
856.000
856.000
856.000
856.000
856.000
852.000
860.000
856.000
856.000
856.000
856.000
856.000
856.000
856.000
848.000
864.000
856.000
856.000
856.000
856.000
856.000
856.000
856.000
856.000
856.000
856.000
856.000
856.000
856.000
856.000
852.000
860.000
856.000
856.000
856.000
856.000
856.000
856.000
856.000
848.000