368.254
523.746
373.000
697.631
641.369
373.000
677.748
687.252
347.000
671.715
690.285
346.000
860.000
856.000
856.000
856.000
856.000
856.000
856.000
856.000
848.000
864.000
856.000
856.000
856.000
856.000
856.000
856.000
856.000
844.000
868.000
856.000
856.000
856.000
856.000
856.000
852.000
860.000
856.000
856.000
856.000
857.000
855.000
857.000
855.000
848.000
864.000
856.000
856.000
856.000
856.000
856.000
856.000
857.000
843.000
869.000
855.000
857.000
856.000
856.000
856.000
851.000
861.000
856.000
856.000
856.000
856.000
856.000
856.000
856.000
847.000
865.000
856.000
856.000
856.000
856.000
856.000
855.000
857.000
856.000
856.000
856.000
856.000
856.000
856.000
856.000
851.000
861.000
856.000
856.000
856.000
856.000
856.000
856.000
856.000
847.000
865.000
856.000
856.000
856.000
856.000
856.000
855.000
857.000
843.000
869.000
856.000
856.000
856.000
856.000
856.000
851.000
861.000
856.000
856.000
856.000
856.000
856.000
856.000
856.000
847.000
865.000