# FORMAT: RR intervals (ms), one per line
# SUBJECT_ID: RR0002
# Name: 林測試
# AGE: 62
# SEX: M
# DEVICE: BITalino (r)evolution; fs=1000 Hz; channel=A1
# LEAD: Lead II
# START_TIME: 2025-09-10T10:33:45+08:00
# DURATION_S: 967.1
# RR_COUNT: 1094
# UNITS: ms
# DATA_STATUS: raw-detected (no ectopic removal)
# FILTER: bandpass 0.67–30.0 Hz; notch 60 Hz=OFF
# DETECTOR: EMA_env=100ms; search=±60ms; refractory=240ms; min_env=0.0; min_peak=0.0
# CLEANING: outliers <300 or >2000 ms removed=NO
# METRICS: meanRR=850.6 ms; meanHR=70.5 bpm; SDNN=48.3 ms; RMSSD=25.7 ms
# POSTURE: 
# NOTES: 
300
459
397
505
339
535
333
479
377
552
304
679
677
356
722
714
860
856
856
856
856
856
856
856
848
864
856
856
856
856
856
856
856
844
868
856
856
856
856
856
852
860
856
856
856
856
856
856
856
848
864
856
856
856
856
856
856
856
844
868
856
856
856
856
856
852
861
856
855
856
857
855
857
855
848
865
856
855
857
856
855
856
857
843
869
856
856
856
856
855
852
861
856
856
856
856
856
856
856
847
865
856
856
856
856
856
855
857
856
856
856
856
856
856
856
851
861
856
856
856
856
856
856
856
847
865
856
856
856
856
856
855
857
856
856
856
856
856
856
856
851
861
856
856
856
856
856
856
856
847
865
856
856
856
856
856
855
857
856
856
856
856
857
855
856
851
861
856
856
857
855
856
856
857
846
866
856
856
856
856
856
854
858
842
870
856
856
856
856
856
850
862
856
856
856
856
856
856
856
846
866
856
856
856
856
856
854
858
856
856
856
856
856
856
856
850
862
856
856
856
856
856
856
856
846
866
856
856
856
856
856
854
858
856
856
856
856
856
856
856
850
862
856
856
856
856
856
856
856
846
866
856
856
856
856
856
854
858
856
857
855
856
856
856
857
849
863
856
856
855
857
856
856
855
846
867
856
856
856
856
856
853
859
856
856
856
856
856
856
856
849
863
856
856
856
856
856
856
856
845
867
856
856
856
856
856
853
859
841
871
856
856
856
856
856
849
863
856
856
856
856
856
856
856
845
867
856
856
856
856
856
853
859
856
856
856
856
856
856
856
849
863
856
856
856
856
856
856
856
845
867
856
856
856
856
857
852
860
855
857
856
856
855
857
856
848
864
856
856
856
856
856
856
856
844
868
856
856
856
856
856
852
860
856
856
856
856
856
856
856
848
864
856
856
856
856
856
856
856
856
856
856
856
856
856
856
852
860
856
856
856
856
856
856
856
848
864
856
856
856
856
856
856
856
844
868
856
856
856
856
856
852
860
856
856
856
856
856
856
856
848
864
856
856
856
856
857
855
857
843
869
855
856
857
855
857
851
861
855
857
856
855
857
856
856
847
864
857
856
856
856
856
855
857
856
856
856
856
856
856
856
851
861
856
856
856
856
856
856
856
847
865
856
856
856
856
856
855
857
843
869
856
856
856
856
856
851
861
856
856
856
856
856
856
856
847
865
856
856
856
856
856
855
857
856
856
856
856
856
856
856
851
861
856
856
856
856
856
856
856
847
865
856
857
855
856
856
855
857
857
856
855
856
856
857
856
850
861
856
856
857
856
856
856
856
846
866
856
856
856
856
856
854
858
856
856
856
856
856
856
856
850
862
856
856
856
856
856
856
856
846
866
856
856
856
856
856
854
858
842
870
856
856
856
856
856
850
862
856
856
856
856
856
856
856
846
866
856
856
856
856
856
854
858
856
856
856
856
856
856
856
850
862
856
856
856
856
856
856
856
846
867
855
856
857
856
856
853
859
856
855
856
857
856
856
856
849
863
856
856
856
856
856
856
856
845
867
856
856
856
856
856
853
859
856
856
856
856
856
856
856
849
863
856
856
856
856
856
856
856
845
867
856
856
856
856
856
853
859
856
856
856
856
856
856
856
849
863
856
856
856
856
856
856
856
845
867
856
856
856
856
856
853
859
856
856
856
856
856
856
856
849
863
856
856
856
856
856
857
855
845
867
857
856
856
855
857
852
859
857
856
855
857
856
856
856
848
864
856
856
855
857
856
856
856
844
868
856
856
856
856
856
852
860
856
856
856
856
856
856
856
848
864
856
856
856
856
856
856
856
844
868
856
856
856
856
856
852
860
856
856
856
856
856
856
856
848
864
856
856
856
856
856
856
856
844
868
856
856
856
856
856
852
860
856
856
856
857
855
856
856
848
864
856
856
856
857
855
856
857
855
857
855
856
857
856
855
852
861
856
856
856
856
856
856
856
847
865
856
856
856
856
856
855
857
843
869
856
856
856
856
856
851
861
856
856
856
856
856
856
856
847
865
856
856
856
856
856
855
857
843
869
856
856
856
856
856
851
861
856
856
856
856
856
856
856
847
865
856
856
856
856
856
855
857
856
856
856
856
856
856
856
851
862
855
856
856
856
857
856
855
847
865
857
856
856
855
856
855
858
856
855
857
856
856
856
855
851
862
855
857
856
856
856
856
856
846
866
856
856
856
856
856
854
858
842
870
856
856
856
856
856
850
862
856
856
856
856
856
856
856
846
866
856
856
856
856
856
854
858
856
856
856
856
856
856
856
850
862
856
856
856
856
856
856
856
846
866
856
856
856
856
856
854
858
856
856
856
856
856
856
856
850
862
857
856
855
856
856
856
856
846
866
857
855
857
855
856
854
859
856
855
857
856
856
856
856
849
863
856
856
856
856
856
856
856
845
867
856
856
856
856
856
853
859
856
856
856
856
856
856
856
849
863
856
856
856
856
856
856
856
845
867
856
856
856
856
856
853
859
856
856
856
856
